0
1 0 2 2 
1 2 1 2 
2 2 1 2 
0 2 1 2 
0 0 1 1 
3 0 1 1 
3 2 1 2 
0 1 1 1 
3 1 1 1 
1 4 2 1 
1
1 0 2 2 
1 2 1 2 
2 2 1 2 
0 3 1 2 
0 0 1 1 
3 0 1 1 
3 2 1 2 
0 1 1 1 
3 1 1 1 
1 4 2 1 
2
1 0 2 2 
1 2 1 2 
2 2 1 2 
0 3 1 2 
0 0 1 1 
3 0 1 1 
3 2 1 2 
0 1 1 1 
3 1 1 1 
2 4 2 1 
3
1 0 2 2 
1 3 1 2 
2 2 1 2 
0 3 1 2 
0 0 1 1 
3 0 1 1 
3 2 1 2 
0 1 1 1 
3 1 1 1 
2 4 2 1 
4
1 0 2 2 
1 3 1 2 
2 2 1 2 
0 3 1 2 
0 0 1 1 
3 0 1 1 
3 2 1 2 
0 2 1 1 
3 1 1 1 
2 4 2 1 
5
1 0 2 2 
1 3 1 2 
2 2 1 2 
0 3 1 2 
0 0 1 1 
3 0 1 1 
3 2 1 2 
1 2 1 1 
3 1 1 1 
2 4 2 1 
6
1 0 2 2 
1 3 1 2 
2 2 1 2 
0 3 1 2 
0 1 1 1 
3 0 1 1 
3 2 1 2 
1 2 1 1 
3 1 1 1 
2 4 2 1 
7
1 0 2 2 
1 3 1 2 
2 2 1 2 
0 3 1 2 
0 2 1 1 
3 0 1 1 
3 2 1 2 
1 2 1 1 
3 1 1 1 
2 4 2 1 
8
0 0 2 2 
1 3 1 2 
2 2 1 2 
0 3 1 2 
0 2 1 1 
3 0 1 1 
3 2 1 2 
1 2 1 1 
3 1 1 1 
2 4 2 1 
9
0 0 2 2 
1 3 1 2 
2 2 1 2 
0 3 1 2 
0 2 1 1 
2 0 1 1 
3 2 1 2 
1 2 1 1 
3 1 1 1 
2 4 2 1 
10
0 0 2 2 
1 3 1 2 
2 2 1 2 
0 3 1 2 
0 2 1 1 
2 0 1 1 
3 2 1 2 
1 2 1 1 
2 1 1 1 
2 4 2 1 
11
0 0 2 2 
1 3 1 2 
2 2 1 2 
0 3 1 2 
0 2 1 1 
2 0 1 1 
3 1 1 2 
1 2 1 1 
2 1 1 1 
2 4 2 1 
12
0 0 2 2 
1 3 1 2 
2 2 1 2 
0 3 1 2 
0 2 1 1 
2 0 1 1 
3 0 1 2 
1 2 1 1 
2 1 1 1 
2 4 2 1 
13
0 0 2 2 
1 3 1 2 
3 2 1 2 
0 3 1 2 
0 2 1 1 
2 0 1 1 
3 0 1 2 
1 2 1 1 
2 1 1 1 
2 4 2 1 
14
0 0 2 2 
1 3 1 2 
3 2 1 2 
0 3 1 2 
0 2 1 1 
2 0 1 1 
3 0 1 2 
2 2 1 1 
2 1 1 1 
2 4 2 1 
15
0 0 2 2 
1 3 1 2 
3 2 1 2 
0 3 1 2 
0 2 1 1 
2 0 1 1 
3 0 1 2 
2 3 1 1 
2 1 1 1 
2 4 2 1 
16
0 0 2 2 
1 3 1 2 
3 2 1 2 
0 3 1 2 
1 2 1 1 
2 0 1 1 
3 0 1 2 
2 3 1 1 
2 1 1 1 
2 4 2 1 
17
0 0 2 2 
1 3 1 2 
3 2 1 2 
0 3 1 2 
2 2 1 1 
2 0 1 1 
3 0 1 2 
2 3 1 1 
2 1 1 1 
2 4 2 1 
18
0 1 2 2 
1 3 1 2 
3 2 1 2 
0 3 1 2 
2 2 1 1 
2 0 1 1 
3 0 1 2 
2 3 1 1 
2 1 1 1 
2 4 2 1 
19
0 1 2 2 
1 3 1 2 
3 2 1 2 
0 3 1 2 
2 2 1 1 
1 0 1 1 
3 0 1 2 
2 3 1 1 
2 1 1 1 
2 4 2 1 
20
0 1 2 2 
1 3 1 2 
3 2 1 2 
0 3 1 2 
2 2 1 1 
0 0 1 1 
3 0 1 2 
2 3 1 1 
2 1 1 1 
2 4 2 1 
21
0 1 2 2 
1 3 1 2 
3 2 1 2 
0 3 1 2 
2 2 1 1 
0 0 1 1 
3 0 1 2 
2 3 1 1 
2 0 1 1 
2 4 2 1 
22
0 1 2 2 
1 3 1 2 
3 2 1 2 
0 3 1 2 
2 2 1 1 
0 0 1 1 
3 0 1 2 
2 3 1 1 
1 0 1 1 
2 4 2 1 
23
0 1 2 2 
1 3 1 2 
3 2 1 2 
0 3 1 2 
2 1 1 1 
0 0 1 1 
3 0 1 2 
2 3 1 1 
1 0 1 1 
2 4 2 1 
24
0 1 2 2 
1 3 1 2 
3 2 1 2 
0 3 1 2 
2 0 1 1 
0 0 1 1 
3 0 1 2 
2 3 1 1 
1 0 1 1 
2 4 2 1 
25
1 1 2 2 
1 3 1 2 
3 2 1 2 
0 3 1 2 
2 0 1 1 
0 0 1 1 
3 0 1 2 
2 3 1 1 
1 0 1 1 
2 4 2 1 
26
1 1 2 2 
1 3 1 2 
3 2 1 2 
0 2 1 2 
2 0 1 1 
0 0 1 1 
3 0 1 2 
2 3 1 1 
1 0 1 1 
2 4 2 1 
27
1 1 2 2 
1 3 1 2 
3 2 1 2 
0 1 1 2 
2 0 1 1 
0 0 1 1 
3 0 1 2 
2 3 1 1 
1 0 1 1 
2 4 2 1 
28
1 1 2 2 
0 3 1 2 
3 2 1 2 
0 1 1 2 
2 0 1 1 
0 0 1 1 
3 0 1 2 
2 3 1 1 
1 0 1 1 
2 4 2 1 
29
1 1 2 2 
0 3 1 2 
3 2 1 2 
0 1 1 2 
2 0 1 1 
0 0 1 1 
3 0 1 2 
1 3 1 1 
1 0 1 1 
2 4 2 1 
30
1 1 2 2 
0 3 1 2 
3 2 1 2 
0 1 1 2 
2 0 1 1 
0 0 1 1 
3 0 1 2 
1 4 1 1 
1 0 1 1 
2 4 2 1 
31
1 2 2 2 
0 3 1 2 
3 2 1 2 
0 1 1 2 
2 0 1 1 
0 0 1 1 
3 0 1 2 
1 4 1 1 
1 0 1 1 
2 4 2 1 
32
1 2 2 2 
0 3 1 2 
3 2 1 2 
0 1 1 2 
2 1 1 1 
0 0 1 1 
3 0 1 2 
1 4 1 1 
1 0 1 1 
2 4 2 1 
33
1 2 2 2 
0 3 1 2 
3 2 1 2 
0 1 1 2 
1 1 1 1 
0 0 1 1 
3 0 1 2 
1 4 1 1 
1 0 1 1 
2 4 2 1 
34
1 2 2 2 
0 3 1 2 
3 2 1 2 
0 1 1 2 
1 1 1 1 
0 0 1 1 
2 0 1 2 
1 4 1 1 
1 0 1 1 
2 4 2 1 
35
1 2 2 2 
0 3 1 2 
3 1 1 2 
0 1 1 2 
1 1 1 1 
0 0 1 1 
2 0 1 2 
1 4 1 1 
1 0 1 1 
2 4 2 1 
36
1 2 2 2 
0 3 1 2 
3 0 1 2 
0 1 1 2 
1 1 1 1 
0 0 1 1 
2 0 1 2 
1 4 1 1 
1 0 1 1 
2 4 2 1 
37
2 2 2 2 
0 3 1 2 
3 0 1 2 
0 1 1 2 
1 1 1 1 
0 0 1 1 
2 0 1 2 
1 4 1 1 
1 0 1 1 
2 4 2 1 
38
2 2 2 2 
0 3 1 2 
3 0 1 2 
0 1 1 2 
1 2 1 1 
0 0 1 1 
2 0 1 2 
1 4 1 1 
1 0 1 1 
2 4 2 1 
39
2 2 2 2 
0 3 1 2 
3 0 1 2 
0 1 1 2 
1 2 1 1 
0 0 1 1 
2 0 1 2 
1 4 1 1 
1 1 1 1 
2 4 2 1 
40
2 2 2 2 
0 3 1 2 
3 0 1 2 
0 1 1 2 
1 2 1 1 
1 0 1 1 
2 0 1 2 
1 4 1 1 
1 1 1 1 
2 4 2 1 
41
2 2 2 2 
0 3 1 2 
3 0 1 2 
0 0 1 2 
1 2 1 1 
1 0 1 1 
2 0 1 2 
1 4 1 1 
1 1 1 1 
2 4 2 1 
42
2 2 2 2 
0 2 1 2 
3 0 1 2 
0 0 1 2 
1 2 1 1 
1 0 1 1 
2 0 1 2 
1 4 1 1 
1 1 1 1 
2 4 2 1 
43
2 2 2 2 
0 2 1 2 
3 0 1 2 
0 0 1 2 
1 2 1 1 
1 0 1 1 
2 0 1 2 
0 4 1 1 
1 1 1 1 
2 4 2 1 
44
2 2 2 2 
0 2 1 2 
3 0 1 2 
0 0 1 2 
1 3 1 1 
1 0 1 1 
2 0 1 2 
0 4 1 1 
1 1 1 1 
2 4 2 1 
45
2 2 2 2 
0 2 1 2 
3 0 1 2 
0 0 1 2 
1 4 1 1 
1 0 1 1 
2 0 1 2 
0 4 1 1 
1 1 1 1 
2 4 2 1 
46
1 2 2 2 
0 2 1 2 
3 0 1 2 
0 0 1 2 
1 4 1 1 
1 0 1 1 
2 0 1 2 
0 4 1 1 
1 1 1 1 
2 4 2 1 
47
1 2 2 2 
0 2 1 2 
3 1 1 2 
0 0 1 2 
1 4 1 1 
1 0 1 1 
2 0 1 2 
0 4 1 1 
1 1 1 1 
2 4 2 1 
48
1 2 2 2 
0 2 1 2 
3 2 1 2 
0 0 1 2 
1 4 1 1 
1 0 1 1 
2 0 1 2 
0 4 1 1 
1 1 1 1 
2 4 2 1 
49
1 2 2 2 
0 2 1 2 
3 2 1 2 
0 0 1 2 
1 4 1 1 
1 0 1 1 
3 0 1 2 
0 4 1 1 
1 1 1 1 
2 4 2 1 
50
1 2 2 2 
0 2 1 2 
3 2 1 2 
0 0 1 2 
1 4 1 1 
2 0 1 1 
3 0 1 2 
0 4 1 1 
1 1 1 1 
2 4 2 1 
51
1 2 2 2 
0 2 1 2 
3 2 1 2 
0 0 1 2 
1 4 1 1 
2 0 1 1 
3 0 1 2 
0 4 1 1 
2 1 1 1 
2 4 2 1 
52
1 2 2 2 
0 2 1 2 
3 2 1 2 
1 0 1 2 
1 4 1 1 
2 0 1 1 
3 0 1 2 
0 4 1 1 
2 1 1 1 
2 4 2 1 
53
1 2 2 2 
0 1 1 2 
3 2 1 2 
1 0 1 2 
1 4 1 1 
2 0 1 1 
3 0 1 2 
0 4 1 1 
2 1 1 1 
2 4 2 1 
54
1 2 2 2 
0 0 1 2 
3 2 1 2 
1 0 1 2 
1 4 1 1 
2 0 1 1 
3 0 1 2 
0 4 1 1 
2 1 1 1 
2 4 2 1 
55
0 2 2 2 
0 0 1 2 
3 2 1 2 
1 0 1 2 
1 4 1 1 
2 0 1 1 
3 0 1 2 
0 4 1 1 
2 1 1 1 
2 4 2 1 
56
0 2 2 2 
0 0 1 2 
3 2 1 2 
1 0 1 2 
1 4 1 1 
2 0 1 1 
3 0 1 2 
0 4 1 1 
2 2 1 1 
2 4 2 1 
57
0 2 2 2 
0 0 1 2 
3 2 1 2 
1 0 1 2 
1 4 1 1 
2 0 1 1 
3 0 1 2 
0 4 1 1 
2 3 1 1 
2 4 2 1 
58
0 2 2 2 
0 0 1 2 
3 2 1 2 
1 0 1 2 
1 4 1 1 
2 1 1 1 
3 0 1 2 
0 4 1 1 
2 3 1 1 
2 4 2 1 
59
0 2 2 2 
0 0 1 2 
3 2 1 2 
1 0 1 2 
1 4 1 1 
2 2 1 1 
3 0 1 2 
0 4 1 1 
2 3 1 1 
2 4 2 1 
60
0 2 2 2 
0 0 1 2 
3 2 1 2 
1 0 1 2 
1 4 1 1 
2 2 1 1 
2 0 1 2 
0 4 1 1 
2 3 1 1 
2 4 2 1 
61
0 2 2 2 
0 0 1 2 
3 1 1 2 
1 0 1 2 
1 4 1 1 
2 2 1 1 
2 0 1 2 
0 4 1 1 
2 3 1 1 
2 4 2 1 
62
0 2 2 2 
0 0 1 2 
3 0 1 2 
1 0 1 2 
1 4 1 1 
2 2 1 1 
2 0 1 2 
0 4 1 1 
2 3 1 1 
2 4 2 1 
63
0 2 2 2 
0 0 1 2 
3 0 1 2 
1 0 1 2 
1 4 1 1 
2 2 1 1 
2 0 1 2 
0 4 1 1 
3 3 1 1 
2 4 2 1 
64
0 2 2 2 
0 0 1 2 
3 0 1 2 
1 0 1 2 
1 4 1 1 
2 2 1 1 
2 0 1 2 
0 4 1 1 
3 2 1 1 
2 4 2 1 
65
0 2 2 2 
0 0 1 2 
3 0 1 2 
1 0 1 2 
1 4 1 1 
2 2 1 1 
2 0 1 2 
0 4 1 1 
3 2 1 1 
2 3 2 1 
66
0 2 2 2 
0 0 1 2 
3 0 1 2 
1 0 1 2 
2 4 1 1 
2 2 1 1 
2 0 1 2 
0 4 1 1 
3 2 1 1 
2 3 2 1 
67
0 2 2 2 
0 0 1 2 
3 0 1 2 
1 0 1 2 
3 4 1 1 
2 2 1 1 
2 0 1 2 
0 4 1 1 
3 2 1 1 
2 3 2 1 
68
0 2 2 2 
0 0 1 2 
3 0 1 2 
1 0 1 2 
3 4 1 1 
2 2 1 1 
2 0 1 2 
1 4 1 1 
3 2 1 1 
2 3 2 1 
69
0 2 2 2 
0 0 1 2 
3 0 1 2 
1 0 1 2 
3 4 1 1 
2 2 1 1 
2 0 1 2 
2 4 1 1 
3 2 1 1 
2 3 2 1 
70
0 3 2 2 
0 0 1 2 
3 0 1 2 
1 0 1 2 
3 4 1 1 
2 2 1 1 
2 0 1 2 
2 4 1 1 
3 2 1 1 
2 3 2 1 
71
0 3 2 2 
0 0 1 2 
3 0 1 2 
1 0 1 2 
3 4 1 1 
1 2 1 1 
2 0 1 2 
2 4 1 1 
3 2 1 1 
2 3 2 1 
72
0 3 2 2 
0 0 1 2 
3 0 1 2 
1 0 1 2 
3 4 1 1 
0 2 1 1 
2 0 1 2 
2 4 1 1 
3 2 1 1 
2 3 2 1 
73
0 3 2 2 
0 0 1 2 
3 0 1 2 
1 0 1 2 
3 4 1 1 
0 2 1 1 
2 0 1 2 
2 4 1 1 
2 2 1 1 
2 3 2 1 
74
0 3 2 2 
0 0 1 2 
3 0 1 2 
1 0 1 2 
3 4 1 1 
0 2 1 1 
2 0 1 2 
2 4 1 1 
1 2 1 1 
2 3 2 1 
75
0 3 2 2 
0 0 1 2 
3 0 1 2 
1 0 1 2 
3 4 1 1 
0 2 1 1 
2 0 1 2 
2 4 1 1 
1 2 1 1 
2 2 2 1 
76
0 3 2 2 
0 0 1 2 
3 0 1 2 
1 0 1 2 
3 4 1 1 
0 2 1 1 
2 0 1 2 
2 3 1 1 
1 2 1 1 
2 2 2 1 
77
0 3 2 2 
0 0 1 2 
3 0 1 2 
1 0 1 2 
3 4 1 1 
0 2 1 1 
2 0 1 2 
3 3 1 1 
1 2 1 1 
2 2 2 1 
78
1 3 2 2 
0 0 1 2 
3 0 1 2 
1 0 1 2 
3 4 1 1 
0 2 1 1 
2 0 1 2 
3 3 1 1 
1 2 1 1 
2 2 2 1 



